{
 "cells": [
  {
   "cell_type": "code",
   "execution_count": 1,
   "metadata": {},
   "outputs": [
    {
     "name": "stderr",
     "output_type": "stream",
     "text": [
      "Using TensorFlow backend.\n"
     ]
    }
   ],
   "source": [
    "import numpy as np\n",
    "import pandas as pd \n",
    "from sklearn import linear_model\n",
    "from sklearn.model_selection import train_test_split\n",
    "from sklearn.metrics import mean_squared_error, r2_score\n",
    "import matplotlib.pyplot as plt\n",
    "import math\n",
    "from sklearn.model_selection import KFold\n",
    "from scipy.spatial import distance\n",
    "from sklearn.decomposition import PCA\n",
    "from numpy import linalg as LA\n",
    "from scipy.stats import pearsonr\n",
    "import seaborn as sns\n",
    "import copy\n",
    "from sklearn import  linear_model\n",
    "from sklearn.model_selection import train_test_split\n",
    "from sklearn.metrics import mean_squared_error, r2_score\n",
    "import itertools\n",
    "import csv\n",
    "from sklearn import metrics\n",
    "import tensorflow as tf\n",
    "import tensorflow.contrib.layers as tl\n",
    "from keras.models import Sequential\n",
    "from keras.layers import Dense\n",
    "from keras.layers import LSTM\n",
    "from keras.layers import Dropout\n",
    "from keras.layers import Flatten,Input\n",
    "from keras import backend as K\n",
    "from keras.models import Model, load_model\n",
    "from sklearn.preprocessing import StandardScaler\n",
    "import matplotlib.pyplot as plt\n",
    "from scipy.stats import pearsonr\n",
    "import seaborn as sns"
   ]
  },
  {
   "cell_type": "code",
   "execution_count": 17,
   "metadata": {},
   "outputs": [
    {
     "name": "stdout",
     "output_type": "stream",
     "text": [
      "(1994, 128)\n"
     ]
    }
   ],
   "source": [
    "TrainX = pd.read_csv('crime_prep.csv',delimiter=',')\n",
    "print (TrainX.shape)\n",
    "TrainX = TrainX.fillna(0)\n",
    "del TrainX['v_cat_2']\n",
    "Y = TrainX['target']\n",
    "del TrainX['target']"
   ]
  },
  {
   "cell_type": "code",
   "execution_count": null,
   "metadata": {
    "collapsed": true
   },
   "outputs": [],
   "source": []
  },
  {
   "cell_type": "code",
   "execution_count": 3,
   "metadata": {},
   "outputs": [
    {
     "data": {
      "text/html": [
       "<div>\n",
       "<style>\n",
       "    .dataframe thead tr:only-child th {\n",
       "        text-align: right;\n",
       "    }\n",
       "\n",
       "    .dataframe thead th {\n",
       "        text-align: left;\n",
       "    }\n",
       "\n",
       "    .dataframe tbody tr th {\n",
       "        vertical-align: top;\n",
       "    }\n",
       "</style>\n",
       "<table border=\"1\" class=\"dataframe\">\n",
       "  <thead>\n",
       "    <tr style=\"text-align: right;\">\n",
       "      <th></th>\n",
       "      <th>v_cont_0</th>\n",
       "      <th>v_cat_0</th>\n",
       "      <th>v_cat_1</th>\n",
       "      <th>v_cat_3</th>\n",
       "      <th>v_cont_5</th>\n",
       "      <th>v_cont_6</th>\n",
       "      <th>v_cont_7</th>\n",
       "      <th>v_cont_8</th>\n",
       "      <th>v_cont_9</th>\n",
       "      <th>v_cont_10</th>\n",
       "      <th>...</th>\n",
       "      <th>v_cont_117</th>\n",
       "      <th>v_cont_118</th>\n",
       "      <th>v_cont_119</th>\n",
       "      <th>v_cont_120</th>\n",
       "      <th>v_cont_121</th>\n",
       "      <th>v_cont_122</th>\n",
       "      <th>v_cont_123</th>\n",
       "      <th>v_cont_124</th>\n",
       "      <th>v_cont_125</th>\n",
       "      <th>v_cont_126</th>\n",
       "    </tr>\n",
       "  </thead>\n",
       "  <tbody>\n",
       "    <tr>\n",
       "      <th>0</th>\n",
       "      <td>8</td>\n",
       "      <td>0.0</td>\n",
       "      <td>0.0</td>\n",
       "      <td>1</td>\n",
       "      <td>0.19</td>\n",
       "      <td>0.33</td>\n",
       "      <td>0.02</td>\n",
       "      <td>0.90</td>\n",
       "      <td>0.12</td>\n",
       "      <td>0.17</td>\n",
       "      <td>...</td>\n",
       "      <td>0.29</td>\n",
       "      <td>0.12</td>\n",
       "      <td>0.26</td>\n",
       "      <td>0.20</td>\n",
       "      <td>0.06</td>\n",
       "      <td>0.04</td>\n",
       "      <td>0.9</td>\n",
       "      <td>0.5</td>\n",
       "      <td>0.32</td>\n",
       "      <td>0.14</td>\n",
       "    </tr>\n",
       "    <tr>\n",
       "      <th>1</th>\n",
       "      <td>53</td>\n",
       "      <td>0.0</td>\n",
       "      <td>0.0</td>\n",
       "      <td>1</td>\n",
       "      <td>0.00</td>\n",
       "      <td>0.16</td>\n",
       "      <td>0.12</td>\n",
       "      <td>0.74</td>\n",
       "      <td>0.45</td>\n",
       "      <td>0.07</td>\n",
       "      <td>...</td>\n",
       "      <td>0.00</td>\n",
       "      <td>0.02</td>\n",
       "      <td>0.12</td>\n",
       "      <td>0.45</td>\n",
       "      <td>0.00</td>\n",
       "      <td>0.00</td>\n",
       "      <td>0.0</td>\n",
       "      <td>0.0</td>\n",
       "      <td>0.00</td>\n",
       "      <td>0.00</td>\n",
       "    </tr>\n",
       "    <tr>\n",
       "      <th>2</th>\n",
       "      <td>24</td>\n",
       "      <td>0.0</td>\n",
       "      <td>0.0</td>\n",
       "      <td>1</td>\n",
       "      <td>0.00</td>\n",
       "      <td>0.42</td>\n",
       "      <td>0.49</td>\n",
       "      <td>0.56</td>\n",
       "      <td>0.17</td>\n",
       "      <td>0.04</td>\n",
       "      <td>...</td>\n",
       "      <td>0.00</td>\n",
       "      <td>0.01</td>\n",
       "      <td>0.21</td>\n",
       "      <td>0.02</td>\n",
       "      <td>0.00</td>\n",
       "      <td>0.00</td>\n",
       "      <td>0.0</td>\n",
       "      <td>0.0</td>\n",
       "      <td>0.00</td>\n",
       "      <td>0.00</td>\n",
       "    </tr>\n",
       "    <tr>\n",
       "      <th>3</th>\n",
       "      <td>34</td>\n",
       "      <td>5.0</td>\n",
       "      <td>81440.0</td>\n",
       "      <td>1</td>\n",
       "      <td>0.04</td>\n",
       "      <td>0.77</td>\n",
       "      <td>1.00</td>\n",
       "      <td>0.08</td>\n",
       "      <td>0.12</td>\n",
       "      <td>0.10</td>\n",
       "      <td>...</td>\n",
       "      <td>0.00</td>\n",
       "      <td>0.02</td>\n",
       "      <td>0.39</td>\n",
       "      <td>0.28</td>\n",
       "      <td>0.00</td>\n",
       "      <td>0.00</td>\n",
       "      <td>0.0</td>\n",
       "      <td>0.0</td>\n",
       "      <td>0.00</td>\n",
       "      <td>0.00</td>\n",
       "    </tr>\n",
       "    <tr>\n",
       "      <th>4</th>\n",
       "      <td>42</td>\n",
       "      <td>95.0</td>\n",
       "      <td>6096.0</td>\n",
       "      <td>1</td>\n",
       "      <td>0.01</td>\n",
       "      <td>0.55</td>\n",
       "      <td>0.02</td>\n",
       "      <td>0.95</td>\n",
       "      <td>0.09</td>\n",
       "      <td>0.05</td>\n",
       "      <td>...</td>\n",
       "      <td>0.00</td>\n",
       "      <td>0.04</td>\n",
       "      <td>0.09</td>\n",
       "      <td>0.02</td>\n",
       "      <td>0.00</td>\n",
       "      <td>0.00</td>\n",
       "      <td>0.0</td>\n",
       "      <td>0.0</td>\n",
       "      <td>0.00</td>\n",
       "      <td>0.00</td>\n",
       "    </tr>\n",
       "  </tbody>\n",
       "</table>\n",
       "<p>5 rows × 126 columns</p>\n",
       "</div>"
      ],
      "text/plain": [
       "   v_cont_0  v_cat_0  v_cat_1  v_cat_3  v_cont_5  v_cont_6  v_cont_7  \\\n",
       "0         8      0.0      0.0        1      0.19      0.33      0.02   \n",
       "1        53      0.0      0.0        1      0.00      0.16      0.12   \n",
       "2        24      0.0      0.0        1      0.00      0.42      0.49   \n",
       "3        34      5.0  81440.0        1      0.04      0.77      1.00   \n",
       "4        42     95.0   6096.0        1      0.01      0.55      0.02   \n",
       "\n",
       "   v_cont_8  v_cont_9  v_cont_10     ...      v_cont_117  v_cont_118  \\\n",
       "0      0.90      0.12       0.17     ...            0.29        0.12   \n",
       "1      0.74      0.45       0.07     ...            0.00        0.02   \n",
       "2      0.56      0.17       0.04     ...            0.00        0.01   \n",
       "3      0.08      0.12       0.10     ...            0.00        0.02   \n",
       "4      0.95      0.09       0.05     ...            0.00        0.04   \n",
       "\n",
       "   v_cont_119  v_cont_120  v_cont_121  v_cont_122  v_cont_123  v_cont_124  \\\n",
       "0        0.26        0.20        0.06        0.04         0.9         0.5   \n",
       "1        0.12        0.45        0.00        0.00         0.0         0.0   \n",
       "2        0.21        0.02        0.00        0.00         0.0         0.0   \n",
       "3        0.39        0.28        0.00        0.00         0.0         0.0   \n",
       "4        0.09        0.02        0.00        0.00         0.0         0.0   \n",
       "\n",
       "   v_cont_125  v_cont_126  \n",
       "0        0.32        0.14  \n",
       "1        0.00        0.00  \n",
       "2        0.00        0.00  \n",
       "3        0.00        0.00  \n",
       "4        0.00        0.00  \n",
       "\n",
       "[5 rows x 126 columns]"
      ]
     },
     "execution_count": 3,
     "metadata": {},
     "output_type": "execute_result"
    }
   ],
   "source": [
    "TrainX.head()"
   ]
  },
  {
   "cell_type": "code",
   "execution_count": 12,
   "metadata": {
    "collapsed": true
   },
   "outputs": [],
   "source": [
    "TrainX = (TrainX - TrainX.mean())\n",
    "numpyMatrix = TrainX.as_matrix()\n",
    "#print TrainX['ALSQM_Count']\n",
    "r=[]\n",
    "p=[]\n",
    "for i in range(TrainX.shape[1]):\n",
    "    temp1,temp2 = pearsonr(numpyMatrix[:,i],Y)\n",
    "    #print temp1,i,\n",
    "    r.append((temp1,i,TrainX.columns[i],temp2))\n",
    "r.sort()"
   ]
  },
  {
   "cell_type": "code",
   "execution_count": 14,
   "metadata": {},
   "outputs": [
    {
     "name": "stdout",
     "output_type": "stream",
     "text": [
      "39\n"
     ]
    }
   ],
   "source": [
    "frequencies = []\n",
    "labels =[]\n",
    "count=0\n",
    "for ind,x in enumerate(r):\n",
    "    if(x[0]<-0.4 or x[0]>0.4):\n",
    "        frequencies.append(x[0])\n",
    "        labels.append(x[2])\n",
    "    else:\n",
    "        if count<10:\n",
    "            labels.append('-')\n",
    "            frequencies.append(0.01)\n",
    "            count+=1\n",
    "print (len(frequencies))\n",
    "\n",
    "#for rect, label in zip(rects, labels):\n",
    "#    height = rect.get_height()\n",
    "#    ax.text(rect.get_x() + rect.get_width() / 2, height + 5, label,\n",
    "#            ha='center', va='bottom')\n",
    "\n"
   ]
  },
  {
   "cell_type": "code",
   "execution_count": 7,
   "metadata": {},
   "outputs": [
    {
     "name": "stdout",
     "output_type": "stream",
     "text": [
      "[[ 1.          0.98535803  0.70203221  0.93115452  0.90765181  0.74435828\n",
      "   0.70546581  0.650295    0.70995358  0.72001292 -0.57233789 -0.34574311\n",
      "  -0.36953222 -0.40686709 -0.39983477 -0.38334769 -0.42562681 -0.63207119\n",
      "  -0.53856449 -0.67526909 -0.71427668 -0.67928331 -0.75860905 -0.71013823\n",
      "  -0.74013536 -0.72992178 -0.76031791 -0.73624412 -0.87019832]\n",
      " [ 0.98535803  1.          0.63807121  0.9356161   0.91702409  0.7025794\n",
      "   0.73267823  0.69125799  0.71021247  0.73432635 -0.51403728 -0.34390019\n",
      "  -0.3532808  -0.39933904 -0.39091914 -0.3122059  -0.41689381 -0.65501617\n",
      "  -0.5094343  -0.6174298  -0.67969208 -0.65151541 -0.74363365 -0.73048775\n",
      "  -0.76073295 -0.74880596 -0.73734909 -0.7005957  -0.84323412]\n",
      " [ 0.70203221  0.63807121  1.          0.59682487  0.61415587  0.59606721\n",
      "   0.50851552  0.44089051  0.34333637  0.30868577 -0.47076213 -0.2809248\n",
      "  -0.41074252 -0.42571275 -0.37640949 -0.63979503 -0.42076058 -0.36890907\n",
      "  -0.45096483 -0.48557396 -0.4810748  -0.5174828  -0.54213855 -0.34178811\n",
      "  -0.4075646  -0.44671402 -0.58953801 -0.79438904 -0.80345191]\n",
      " [ 0.93115452  0.9356161   0.59682487  1.          0.83682051  0.70644561\n",
      "   0.6453238   0.59443309  0.71389182  0.72212657 -0.55087179 -0.29950768\n",
      "  -0.31517199 -0.36205048 -0.35900279 -0.30424439 -0.38282067 -0.55079299\n",
      "  -0.51458952 -0.65021411 -0.72424066 -0.68584549 -0.76090534 -0.67190913\n",
      "  -0.68972101 -0.6708482  -0.77535045 -0.65557326 -0.81228292]\n",
      " [ 0.90765181  0.91702409  0.61415587  0.83682051  1.          0.60983765\n",
      "   0.67973265  0.64305835  0.60370111  0.62791685 -0.41737518 -0.33832422\n",
      "  -0.35128377 -0.40043118 -0.37451887 -0.26820578 -0.40403975 -0.59303273\n",
      "  -0.45893723 -0.50623474 -0.58936226 -0.54923059 -0.66495669 -0.65567891\n",
      "  -0.69063807 -0.68577075 -0.62957658 -0.68990408 -0.79846088]\n",
      " [ 0.74435828  0.7025794   0.59606721  0.70644561  0.60983765  1.\n",
      "   0.59380861  0.51992057  0.81324339  0.75789661 -0.68544552 -0.18387751\n",
      "  -0.22569982 -0.2145898  -0.2690431  -0.56827737 -0.25198309 -0.48626639\n",
      "  -0.4531335  -0.77830858 -0.7526774  -0.73122078 -0.72164798 -0.57636877\n",
      "  -0.61873738 -0.63078853 -0.75107618 -0.49291425 -0.63458114]\n",
      " [ 0.70546581  0.73267823  0.50851552  0.6453238   0.67973265  0.59380861\n",
      "   1.          0.98189852  0.58254475  0.6239323  -0.42487624 -0.26141237\n",
      "  -0.28293288 -0.25128919 -0.32580432 -0.47156248 -0.30172159 -0.78966003\n",
      "  -0.25515453 -0.43151507 -0.49471433 -0.47552247 -0.63100976 -0.54979283\n",
      "  -0.59554524 -0.61645879 -0.53839287 -0.37660297 -0.62096091]\n",
      " [ 0.650295    0.69125799  0.44089051  0.59443309  0.64305835  0.51992057\n",
      "   0.98189852  1.          0.52716001  0.58537315 -0.35769441 -0.25770625\n",
      "  -0.27955866 -0.25048346 -0.32121225 -0.38835109 -0.29802278 -0.78240772\n",
      "  -0.22472494 -0.35829533 -0.42053386 -0.4111458  -0.56816054 -0.5173772\n",
      "  -0.55904028 -0.57657422 -0.47022064 -0.33920483 -0.57782577]\n",
      " [ 0.70995358  0.71021247  0.34333637  0.71389182  0.60370111  0.81324339\n",
      "   0.58254475  0.52716001  1.          0.97761582 -0.63068107 -0.18260406\n",
      "  -0.14980064 -0.15134065 -0.23982359 -0.33289385 -0.19212144 -0.55802771\n",
      "  -0.37873029 -0.72685239 -0.73789932 -0.67639446 -0.76281103 -0.55990577\n",
      "  -0.56565368 -0.54472686 -0.68501678 -0.35996275 -0.49634961]\n",
      " [ 0.72001292  0.73432635  0.30868577  0.72212657  0.62791685  0.75789661\n",
      "   0.6239323   0.58537315  0.97761582  1.         -0.5959903  -0.18833622\n",
      "  -0.1454589  -0.15447601 -0.23780737 -0.26350302 -0.18323917 -0.61042685\n",
      "  -0.36133967 -0.68327072 -0.72698688 -0.65187754 -0.79109517 -0.55856612\n",
      "  -0.56248497 -0.53757674 -0.65652932 -0.36067776 -0.48865099]\n",
      " [-0.57233789 -0.51403728 -0.47076213 -0.55087179 -0.41737518 -0.68544552\n",
      "  -0.42487624 -0.35769441 -0.63068107 -0.5959903   1.          0.03664781\n",
      "   0.1684505   0.09346277  0.1692464   0.58984133  0.15408923  0.43982838\n",
      "   0.35834043  0.94385034  0.69272652  0.68896374  0.65812938  0.25498531\n",
      "   0.27677148  0.27819428  0.72913841  0.28704632  0.49852392]\n",
      " [-0.34574311 -0.34390019 -0.2809248  -0.29950768 -0.33832422 -0.18387751\n",
      "  -0.26141237 -0.25770625 -0.18260406 -0.18833622  0.03664781  1.\n",
      "   0.56138825  0.52937728  0.88144562  0.14662719  0.82266856  0.2925446\n",
      "   0.35733559  0.08375393  0.14595801  0.18801449  0.21595485  0.32378786\n",
      "   0.32272604  0.31563134  0.17511469  0.27990819  0.35410585]\n",
      " [-0.36953222 -0.3532808  -0.41074252 -0.31517199 -0.35128377 -0.22569982\n",
      "  -0.28293288 -0.27955866 -0.14980064 -0.1454589   0.1684505   0.56138825\n",
      "   1.          0.83670838  0.65266595  0.28815625  0.62145168  0.2447787\n",
      "   0.36643656  0.17449656  0.15938191  0.25853761  0.258059    0.22156644\n",
      "   0.24898207  0.26403728  0.27209863  0.36084691  0.4378169 ]\n",
      " [-0.40686709 -0.39933904 -0.42571275 -0.36205048 -0.40043118 -0.2145898\n",
      "  -0.25128919 -0.25048346 -0.15134065 -0.15447601  0.09346277  0.52937728\n",
      "   0.83670838  1.          0.5771992   0.1405515   0.63622775  0.19150602\n",
      "   0.42082218  0.13960075  0.1539715   0.23824117  0.24407022  0.24702569\n",
      "   0.26421901  0.26829111  0.25231176  0.48328682  0.49226096]\n",
      " [-0.39983477 -0.39091914 -0.37640949 -0.35900279 -0.37451887 -0.2690431\n",
      "  -0.32580432 -0.32121225 -0.23982359 -0.23780737  0.1692464   0.88144562\n",
      "   0.65266595  0.5771992   1.          0.26274522  0.94057276  0.2778097\n",
      "   0.43178049  0.19337086  0.20580409  0.29140021  0.33831382  0.27944943\n",
      "   0.29616046  0.30276385  0.32245265  0.32246083  0.44770567]\n",
      " [-0.38334769 -0.3122059  -0.63979503 -0.30424439 -0.26820578 -0.56827737\n",
      "  -0.47156248 -0.38835109 -0.33289385 -0.26350302  0.58984133  0.14662719\n",
      "   0.28815625  0.1405515   0.26274522  1.          0.22856793  0.43620831\n",
      "   0.24476885  0.53415067  0.36526678  0.52164609  0.45418575  0.17474641\n",
      "   0.24418964  0.30484317  0.55446315  0.15835699  0.42783539]\n",
      " [-0.42562681 -0.41689381 -0.42076058 -0.38282067 -0.40403975 -0.25198309\n",
      "  -0.30172159 -0.29802278 -0.19212144 -0.18323917  0.15408923  0.82266856\n",
      "   0.62145168  0.63622775  0.94057276  0.22856793  1.          0.24792069\n",
      "   0.45141904  0.198067    0.18058546  0.27114714  0.276531    0.2741846\n",
      "   0.28604949  0.28809851  0.31542444  0.40279884  0.51867687]\n",
      " [-0.63207119 -0.65501617 -0.36890907 -0.55079299 -0.59303273 -0.48626639\n",
      "  -0.78966003 -0.78240772 -0.55802771 -0.61042685  0.43982838  0.2925446\n",
      "   0.2447787   0.19150602  0.2778097   0.43620831  0.24792069  1.\n",
      "   0.20187407  0.46816573  0.40470498  0.43803144  0.50842171  0.56824672\n",
      "   0.57626782  0.56582011  0.44594265  0.23467037  0.48109502]\n",
      " [-0.53856449 -0.5094343  -0.45096483 -0.51458952 -0.45893723 -0.4531335\n",
      "  -0.25515453 -0.22472494 -0.37873029 -0.36133967  0.35834043  0.35733559\n",
      "   0.36643656  0.42082218  0.43178049  0.24476885  0.45141904  0.20187407\n",
      "   1.          0.43154154  0.4442028   0.52197397  0.47523595  0.34562843\n",
      "   0.34310231  0.32569909  0.5027849   0.47290567  0.55455478]\n",
      " [-0.67526909 -0.6174298  -0.48557396 -0.65021411 -0.50623474 -0.77830858\n",
      "  -0.43151507 -0.35829533 -0.72685239 -0.68327072  0.94385034  0.08375393\n",
      "   0.17449656  0.13960075  0.19337086  0.53415067  0.198067    0.46816573\n",
      "   0.43154154  1.          0.73733705  0.74362167  0.66892658  0.39159108\n",
      "   0.39925909  0.38435543  0.77272209  0.36735559  0.56947075]\n",
      " [-0.71427668 -0.67969208 -0.4810748  -0.72424066 -0.58936226 -0.7526774\n",
      "  -0.49471433 -0.42053386 -0.73789932 -0.72698688  0.69272652  0.14595801\n",
      "   0.15938191  0.1539715   0.20580409  0.36526678  0.18058546  0.40470498\n",
      "   0.4442028   0.73733705  1.          0.67692358  0.81379986  0.51665422\n",
      "   0.53133296  0.51600422  0.69227935  0.48503549  0.56019332]\n",
      " [-0.67928331 -0.65151541 -0.5174828  -0.68584549 -0.54923059 -0.73122078\n",
      "  -0.47552247 -0.4111458  -0.67639446 -0.65187754  0.68896374  0.18801449\n",
      "   0.25853761  0.23824117  0.29140021  0.52164609  0.27114714  0.43803144\n",
      "   0.52197397  0.74362167  0.67692358  1.          0.7762121   0.36581036\n",
      "   0.39603904  0.4001395   0.8361953   0.38831865  0.58993419]\n",
      " [-0.75860905 -0.74363365 -0.54213855 -0.76090534 -0.66495669 -0.72164798\n",
      "  -0.63100976 -0.56816054 -0.76281103 -0.79109517  0.65812938  0.21595485\n",
      "   0.258059    0.24407022  0.33831382  0.45418575  0.276531    0.50842171\n",
      "   0.47523595  0.66892658  0.81379986  0.7762121   1.          0.39430507\n",
      "   0.42859877  0.43180931  0.78240831  0.49024084  0.63889851]\n",
      " [-0.71013823 -0.73048775 -0.34178811 -0.67190913 -0.65567891 -0.57636877\n",
      "  -0.54979283 -0.5173772  -0.55990577 -0.55856612  0.25498531  0.32378786\n",
      "   0.22156644  0.24702569  0.27944943  0.17474641  0.2741846   0.56824672\n",
      "   0.34562843  0.39159108  0.51665422  0.36581036  0.39430507  1.\n",
      "   0.97572552  0.92239463  0.45013926  0.40386165  0.48404312]\n",
      " [-0.74013536 -0.76073295 -0.4075646  -0.68972101 -0.69063807 -0.61873738\n",
      "  -0.59554524 -0.55904028 -0.56565368 -0.56248497  0.27677148  0.32272604\n",
      "   0.24898207  0.26421901  0.29616046  0.24418964  0.28604949  0.57626782\n",
      "   0.34310231  0.39925909  0.53133296  0.39603904  0.42859877  0.97572552\n",
      "   1.          0.9832168   0.49774135  0.43242717  0.51806178]\n",
      " [-0.72992178 -0.74880596 -0.44671402 -0.6708482  -0.68577075 -0.63078853\n",
      "  -0.61645879 -0.57657422 -0.54472686 -0.53757674  0.27819428  0.31563134\n",
      "   0.26403728  0.26829111  0.30276385  0.30484317  0.28809851  0.56582011\n",
      "   0.32569909  0.38435543  0.51600422  0.4001395   0.43180931  0.92239463\n",
      "   0.9832168   1.          0.51186799  0.42900201  0.52262718]\n",
      " [-0.76031791 -0.73734909 -0.58953801 -0.77535045 -0.62957658 -0.75107618\n",
      "  -0.53839287 -0.47022064 -0.68501678 -0.65652932  0.72913841  0.17511469\n",
      "   0.27209863  0.25231176  0.32245265  0.55446315  0.31542444  0.44594265\n",
      "   0.5027849   0.77272209  0.69227935  0.8361953   0.78240831  0.45013926\n",
      "   0.49774135  0.51186799  1.          0.44493315  0.66895419]\n",
      " [-0.73624412 -0.7005957  -0.79438904 -0.65557326 -0.68990408 -0.49291425\n",
      "  -0.37660297 -0.33920483 -0.35996275 -0.36067776  0.28704632  0.27990819\n",
      "   0.36084691  0.48328682  0.32246083  0.15835699  0.40279884  0.23467037\n",
      "   0.47290567  0.36735559  0.48503549  0.38831865  0.49024084  0.40386165\n",
      "   0.43242717  0.42900201  0.44493315  1.          0.81070038]\n",
      " [-0.87019832 -0.84323412 -0.80345191 -0.81228292 -0.79846088 -0.63458114\n",
      "  -0.62096091 -0.57782577 -0.49634961 -0.48865099  0.49852392  0.35410585\n",
      "   0.4378169   0.49226096  0.44770567  0.42783539  0.51867687  0.48109502\n",
      "   0.55455478  0.56947075  0.56019332  0.58993419  0.63889851  0.48404312\n",
      "   0.51806178  0.52262718  0.66895419  0.81070038  1.        ]]\n",
      "(29, 29)\n"
     ]
    }
   ],
   "source": [
    "IndforCor =[]\n",
    "for ind,x in enumerate(r):\n",
    "    if(x[0]<-0.4 or x[0]>0.4):\n",
    "        IndforCor.append(x[1])\n",
    "Corr =[]\n",
    "corMatrix = np.zeros((len(IndforCor),len(IndforCor)))\n",
    "Col1 =[]\n",
    "for i in range(len(IndforCor)):\n",
    "    Col1.append(TrainX.columns[IndforCor[i]])\n",
    "    for j in range(len(IndforCor)):\n",
    "        temp1,temp2 = pearsonr(numpyMatrix[:,IndforCor[i]],numpyMatrix[:,IndforCor[j]])\n",
    "        Corr.append((temp1,IndforCor[i],TrainX.columns[IndforCor[i]],IndforCor[j],TrainX.columns[IndforCor[j]],temp2))\n",
    "        corMatrix[i][j] = temp1\n",
    "#print Corr\n",
    "print (corMatrix)\n",
    "#Col1=np.asmatrix(Col1)\n",
    "#print Col1.shape\n",
    "print (corMatrix.shape)"
   ]
  },
  {
   "cell_type": "code",
   "execution_count": 8,
   "metadata": {},
   "outputs": [
    {
     "data": {
